1
2
3
4
5
6
7
8
9
10
11
12
13
14
15
16
17
18
19
20
21
22
23
24
25
26
27
28
29
30
31
32
33
34
35
36
37
38
39
40
41
42
43
44
45
46
47
48
49
50
51
52
53
54
55
56
57
58
59
60
61
62
63
64
65
66
67
68
69
70
71
72
73
74
75
76
77
78
79
80
95
106
242
257
447
486
514
803
1045
1057
1379
1412
1539
1573
1854
2053
2072
2324
3236
3549
4105
4116
4120
4128
4130
4131
4137
4358
4403
4628
4641
4645
4666
4866
4887
4904
5140
5639
6008
6041
6290
6469
6489
6517
6519
6532
6534
7386
8216
8217
8549
8672
8720
8837
8840
9584
9617
10280
12693
12921
13089
13125
13330
13398
13474
13905
14168
14631
16416
17685
17733
17734
17815
18072
18226
18488
18552
21097
21316
21609
21824
21845
24976
24978
24979
24980
24985
25127
25128
25130
25132
25133
25135
25136
25140
25144
25477
25688
26008
26214
26401
26948
27130
28773
29569
29971
30000
30816
31105
31968
31970
31971
31972
31999
32889
33064
33316
34627
35190
38020
38450
38928
38993
55803
56843
57005
57018
58858
60687
63328
63329
63330
63331
63332
63333
63334
63335
63336
63337
63338
63339
63340
63341
63342
63343
63344
63345
63346
63347
63348
63360
63361
63362
63363
63364
63365
63402
63403
63404
63405
63406
63407
63408
63409
63410
63411
63412
63413
63414
63415
63416
63417
63418
63419
63420
63421
63423
64332
65261
76830
103519
131476
133223
140392
165413
206344
209715
224976
264198
265565
267264
280071
297216
319937
319938
319939
319940
319941
319942
319943
319944
319945
319946
319947
319948
319949
319950
319951
319952
319953
319954
319955
319956
319957
319959
319960
319961
319962
319963
319964
319965
319966
319967
319968
319969
319970
319971
319972
319973
319974
319975
319976
319977
319978
319979
319980
319981
319982
319983
319984
319985
319986
319987
319988
319989
319990
319991
319992
319993
319994
319995
319996
319997
319998
319999
330365
344865
345720
351936
351937
351938
351939
351940
351941
351942
351943
351944
351945
351946
351947
351948
351949
351950
351951
351952
351953
351954
351955
351956
351957
351958
351959
351960
351961
351962
351963
351964
351965
351966
351967
351968
351969
351970
351971
351972
351973
351974
351975
351976
351977
351978
351979
351980
351981
351982
351983
351984
351985
351986
351987
351988
351989
351990
351991
351992
351993
351994
351995
351996
351997
351998
351999
357652
383872
383873
383874
383875
383876
383877
383878
383879
383880
383881
383882
383883
383884
383885
383886
383887
383888
383889
383890
383891
383892
383893
383894
383895
383896
383897
383898
383899
383900
383901
383902
383904
383905
383906
383907
383908
383909
383910
383911
383912
383913
383914
383915
383916
383917
383918
383919
383920
383921
383922
383923
383924
383925
383926
383927
383928
383929
383930
383931
383932
383933
383934
383935
383936
383937
383938
383939
383940
383941
383942
383943
383944
383945
383946
383947
383948
383949
383950
383951
383952
383953
383954
383955
383956
383957
383958
383959
383960
383961
383962
383963
383964
383965
383966
383967
383968
383969
383970
383971
383972
383973
383974
383975
383976
383977
383978
383979
383980
383981
383982
383983
383984
383985
383986
383987
383988
383989
383990
383991
383992
383993
383994
383995
383996
383997
383998
383999
394005
394905
397587
399766
401248
401249
401251
401252
401253
401254
401255
401256
401257
401258
401259
401260
401361
401362
401363
401364
401365
401366
401367
401368
401369
401370
401371
401372
401373
401374
401375
401376
401377
401378
401379
401380
401381
401382
401383
401384
401385
401386
401387
401388
401389
401390
401391
401392
401393
401394
401395
401396
401397
401398
401399
401400
401401
401402
401403
401404
401405
401406
401407
401474
402185
403203
460288
460888
468992
487568
525312
525315
544793
554388
590866
591616
599569
623747
627064
863362
1048833
1049088
1049688
1087314
1115929
1120665
1139812
1176895
1181042
1181713
1184768
1184822
1185076
1189239
1189380
1191974
1204592
1246871
1247331
1249299
1250321
1254486
1262993
1267600
1274920
1311753
1316646
1341559
1377296
1378404
1413975
1445904
1455141
1459990
1476744
1480704
1507858
1573777
1574163
1574944
1599382
1651973
1673490
1830828
1830828
2098480
2099505
2102340
2110773
2134353
2164226
2189314
2240768
2322709
2327570
2361379
2385928
2393344
2393649
2428928
2494597
2495609
2556961
2560118
2565892
2638376
2639880
2641428
2641976
2704896
3057024
3057054
3225172
3244161
3375172
3416853
3486976
3491589
3504480
3557125
3575808
3576064
3576681
3577349
3639440
3674752
3737865
3774464
4408133
4544774
4596036
4604672
4610345
4618256
4661319
4743766
4744582
5251361
5261188
5277184
5279824
5376035
5439604
5470552
5513224
5526321
5571602
5574951
5642641
5858066
6068430
6386326
6395939
6438913
6492707
6557986
6575475
6586768
6623237
6623744
6623761
6645248
6689879
6711432
6711608
6754584
6783249
6850053
6882341
7055744
7055745
7055746
7055747
7055748
7409960
7500118
7606530
7606530
7672320
7674112
7682385
7690071
7749750
7757828
7757828
7800848
7829367
7867539
7870840
7930390
7931673
7931911
7947539
7956544
8656150